2 3 1
2 5 3
2 7 5
2 9 7
2 11 9
2 13 11
2 15 13
2 17 15
2 19 17
2 21 19
2 23 21
2 25 23
2 27 25
2 29 27
2 31 29
2 33 31
2 35 33
2 37 35
2 39 37
2 41 39
2 43 41
2 45 43
2 47 45
2 49 47
3 2 1
3 4 5
3 5 7
3 7 11
3 8 13
3 10 17
3 11 19
3 13 23
3 14 25
3 16 29
3 17 31
3 19 35
3 20 37
3 22 41
3 23 43
3 25 47
3 26 49
3 28 53
3 29 55
3 31 59
3 32 61
3 34 65
3 35 67
3 37 71
3 38 73
3 40 77
3 41 79
3 43 83
3 44 85
3 46 89
3 47 91
3 49 95
4 3 5
4 5 11
4 7 17
4 9 23
4 11 29
4 13 35
4 15 41
4 17 47
4 19 53
4 21 59
4 23 65
4 25 71
4 27 77
4 29 83
4 31 89
4 33 95
4 35 101
4 37 107
4 39 113
4 41 119
4 43 125
4 45 131
4 47 137
4 49 143
5 2 3
5 3 7
5 4 11
5 6 19
5 7 23
5 8 27
5 9 31
5 11 39
5 12 43
5 13 47
5 14 51
5 16 59
5 17 63
5 18 67
5 19 71
5 21 79
5 22 83
5 23 87
5 24 91
5 26 99
5 27 103
5 28 107
5 29 111
5 31 119
5 32 123
5 33 127
5 34 131
5 36 139
5 37 143
5 38 147
5 39 151
5 41 159
5 42 163
5 43 167
5 44 171
5 46 179
5 47 183
5 48 187
5 49 191
6 5 19
6 7 29
6 11 49
6 13 59
6 17 79
6 19 89
6 23 109
6 25 119
6 29 139
6 31 149
6 35 169
6 37 179
6 41 199
6 43 209
6 47 229
6 49 239
7 2 5
7 3 11
7 4 17
7 5 23
7 6 29
7 8 41
7 9 47
7 10 53
7 11 59
7 12 65
7 13 71
7 15 83
7 16 89
7 17 95
7 18 101
7 19 107
7 20 113
7 22 125
7 23 131
7 24 137
7 25 143
7 26 149
7 27 155
7 29 167
7 30 173
7 31 179
7 32 185
7 33 191
7 34 197
7 36 209
7 37 215
7 38 221
7 39 227
7 40 233
7 41 239
7 43 251
7 44 257
7 45 263
7 46 269
7 47 275
7 48 281
8 3 13
8 5 27
8 7 41
8 9 55
8 11 69
8 13 83
8 15 97
8 17 111
8 19 125
8 21 139
8 23 153
8 25 167
8 27 181
8 29 195
8 31 209
8 33 223
8 35 237
8 37 251
8 39 265
8 41 279
8 43 293
8 45 307
8 47 321
8 49 335
9 2 7
9 4 23
9 5 31
9 7 47
9 8 55
9 10 71
9 11 79
9 13 95
9 14 103
9 16 119
9 17 127
9 19 143
9 20 151
9 22 167
9 23 175
9 25 191
9 26 199
9 28 215
9 29 223
9 31 239
9 32 247
9 34 263
9 35 271
9 37 287
9 38 295
9 40 311
9 41 319
9 43 335
9 44 343
9 46 359
9 47 367
9 49 383
10 3 17
10 7 53
10 9 71
10 11 89
10 13 107
10 17 143
10 19 161
10 21 179
10 23 197
10 27 233
10 29 251
10 31 269
10 33 287
10 37 323
10 39 341
10 41 359
10 43 377
10 47 413
10 49 431
11 2 9
11 3 19
11 4 29
11 5 39
11 6 49
11 7 59
11 8 69
11 9 79
11 10 89
11 12 109
11 13 119
11 14 129
11 15 139
11 16 149
11 17 159
11 18 169
11 19 179
11 20 189
11 21 199
11 23 219
11 24 229
11 25 239
11 26 249
11 27 259
11 28 269
11 29 279
11 30 289
11 31 299
11 32 309
11 34 329
11 35 339
11 36 349
11 37 359
11 38 369
11 39 379
11 40 389
11 41 399
11 42 409
11 43 419
11 45 439
11 46 449
11 47 459
11 48 469
11 49 479
12 5 43
12 7 65
12 11 109
12 13 131
12 17 175
12 19 197
12 23 241
12 25 263
12 29 307
12 31 329
12 35 373
12 37 395
12 41 439
12 43 461
12 47 493
12 49 491
13 2 11
13 3 23
13 4 35
13 5 47
13 6 59
13 7 71
13 8 83
13 9 95
13 10 107
13 11 119
13 12 131
13 14 155
13 15 167
13 16 179
13 17 191
13 18 203
13 19 215
13 20 227
13 21 239
13 22 251
13 23 263
13 24 275
13 25 287
13 27 311
13 28 323
13 29 335
13 30 347
13 31 359
13 32 371
13 33 383
13 34 395
13 35 407
13 36 419
13 37 431
13 38 443
13 40 467
13 41 479
13 42 491
13 43 490
13 44 489
13 45 488
13 46 493
13 47 499
13 48 498
13 49 497
14 3 25
14 5 51
14 9 103
14 11 129
14 13 155
14 15 181
14 17 207
14 19 233
14 23 285
14 25 311
14 27 337
14 29 363
14 31 389
14 33 415
14 37 467
14 39 493
14 41 491
14 43 489
14 45 498
14 47 499
15 2 13
15 4 41
15 7 83
15 8 97
15 11 139
15 13 167
15 14 181
15 16 209
15 17 223
15 19 251
15 22 293
15 23 307
15 26 349
15 28 377
15 29 391
15 31 419
15 32 433
15 34 461
15 37 488
15 38 487
15 41 499
15 43 499
15 44 498
15 46 494
15 47 493
15 49 498
16 3 29
16 5 59
16 7 89
16 9 119
16 11 149
16 13 179
16 15 209
16 17 239
16 19 269
16 21 299
16 23 329
16 25 359
16 27 389
16 29 419
16 31 449
16 33 479
16 35 493
16 37 491
16 39 498
16 41 494
16 43 495
16 45 499
16 47 499
16 49 495
17 2 15
17 3 31
17 4 47
17 5 63
17 6 79
17 7 95
17 8 111
17 9 127
17 10 143
17 11 159
17 12 175
17 13 191
17 14 207
17 15 223
17 16 239
17 18 271
17 19 287
17 20 303
17 21 319
17 22 335
17 23 351
17 24 367
17 25 383
17 26 399
17 27 415
17 28 431
17 29 447
17 30 463
17 31 479
17 32 495
17 33 494
17 35 492
17 36 491
17 37 490
17 38 498
17 39 495
17 40 498
17 41 499
17 42 495
17 43 499
17 44 497
17 45 499
17 46 498
17 47 497
17 48 499
17 49 499
18 5 67
18 7 101
18 11 169
18 13 203
18 17 271
18 19 305
18 23 373
18 25 407
18 29 475
18 31 491
18 35 489
18 37 485
18 41 499
18 43 498
18 47 499
18 49 498
19 2 17
19 3 35
19 4 53
19 5 71
19 6 89
19 7 107
19 8 125
19 9 143
19 10 161
19 11 179
19 12 197
19 13 215
19 14 233
19 15 251
19 16 269
19 17 287
19 18 305
19 20 341
19 21 359
19 22 377
19 23 395
19 24 413
19 25 431
19 26 449
19 27 467
19 28 485
19 29 484
19 30 491
19 31 489
19 32 493
19 33 499
19 34 498
19 35 497
19 36 498
19 37 499
19 39 493
19 40 492
19 41 498
19 42 497
19 43 498
19 44 496
19 45 499
19 46 497
19 47 498
19 48 493
19 49 499
20 3 37
20 7 113
20 9 151
20 11 189
20 13 227
20 17 303
20 19 341
20 21 379
20 23 417
20 27 493
20 29 491
20 31 498
20 33 494
20 37 498
20 39 487
20 41 499
20 43 499
20 47 499
20 49 499
21 2 19
21 4 59
21 5 79
21 8 139
21 10 179
21 11 199
21 13 239
21 16 299
21 17 319
21 19 359
21 20 379
21 22 419
21 23 439
21 25 479
21 26 499
21 29 496
21 31 495
21 32 493
21 34 499
21 37 498
21 38 499
21 40 499
21 41 491
21 43 499
21 44 498
21 46 497
21 47 499
22 3 41
22 5 83
22 7 125
22 9 167
22 13 251
22 15 293
22 17 335
22 19 377
22 21 419
22 23 461
22 25 481
22 27 496
22 29 499
22 31 497
22 35 498
22 37 498
22 39 499
22 41 499
22 43 494
22 45 499
22 47 498
22 49 498
23 2 21
23 3 43
23 4 65
23 5 87
23 6 109
23 7 131
23 8 153
23 9 175
23 10 197
23 11 219
23 12 241
23 13 263
23 14 285
23 15 307
23 16 329
23 17 351
23 18 373
23 19 395
23 20 417
23 21 439
23 22 461
23 24 482
23 25 481
23 26 497
23 27 498
23 28 496
23 29 499
23 30 499
23 31 498
23 32 498
23 33 499
23 34 498
23 35 494
23 36 497
23 37 496
23 38 499
23 39 497
23 40 497
23 41 498
23 42 499
23 43 498
23 44 499
23 45 494
23 47 499
23 48 498
23 49 499
24 5 91
24 7 137
24 11 229
24 13 275
24 17 367
24 19 413
24 23 482
24 25 479
24 29 499
24 31 497
24 35 499
24 37 498
24 41 498
24 43 496
24 47 493
24 49 499
25 2 23
25 3 47
25 4 71
25 6 119
25 7 143
25 8 167
25 9 191
25 11 239
25 12 263
25 13 287
25 14 311
25 16 359
25 17 383
25 18 407
25 19 431
25 21 479
25 22 481
25 23 481
25 24 479
25 26 499
25 27 498
25 28 497
25 29 497
25 31 495
25 32 497
25 33 494
25 34 498
25 36 498
25 37 493
25 38 499
25 39 499
25 41 499
25 42 499
25 43 499
25 44 499
25 46 499
25 47 499
25 48 499
25 49 489
26 3 49
26 5 99
26 7 149
26 9 199
26 11 249
26 15 349
26 17 399
26 19 449
26 21 499
26 23 497
26 25 499
26 27 493
26 29 499
26 31 495
26 33 499
26 35 499
26 37 499
26 41 497
26 43 498
26 45 498
26 47 499
26 49 498
27 2 25
27 4 77
27 5 103
27 7 155
27 8 181
27 10 233
27 11 259
27 13 311
27 14 337
27 16 389
27 17 415
27 19 467
27 20 493
27 22 496
27 23 498
27 25 498
27 26 493
27 28 485
27 29 499
27 31 497
27 32 498
27 34 499
27 35 498
27 37 497
27 38 496
27 40 493
27 41 499
27 43 499
27 44 499
27 46 499
27 47 496
27 49 499
28 3 53
28 5 107
28 9 215
28 11 269
28 13 323
28 15 377
28 17 431
28 19 485
28 23 496
28 25 497
28 27 485
28 29 499
28 31 499
28 33 499
28 37 499
28 39 499
28 41 499
28 43 498
28 45 498
28 47 499
29 2 27
29 3 55
29 4 83
29 5 111
29 6 139
29 7 167
29 8 195
29 9 223
29 10 251
29 11 279
29 12 307
29 13 335
29 14 363
29 15 391
29 16 419
29 17 447
29 18 475
29 19 484
29 20 491
29 21 496
29 22 499
29 23 499
29 24 499
29 25 497
29 26 499
29 27 499
29 28 499
29 30 492
29 31 498
29 32 498
29 33 499
29 34 497
29 35 498
29 36 496
29 37 498
29 38 499
29 39 499
29 40 499
29 41 499
29 42 499
29 43 499
29 44 499
29 45 498
29 46 499
29 47 498
29 48 499
29 49 498
30 7 173
30 11 289
30 13 347
30 17 463
30 19 491
30 23 499
30 29 492
30 31 499
30 37 498
30 41 499
30 43 499
30 47 499
30 49 498
31 2 29
31 3 59
31 4 89
31 5 119
31 6 149
31 7 179
31 8 209
31 9 239
31 10 269
31 11 299
31 12 329
31 13 359
31 14 389
31 15 419
31 16 449
31 17 479
31 18 491
31 19 489
31 20 498
31 21 495
31 22 497
31 23 498
31 24 497
31 25 495
31 26 495
31 27 497
31 28 499
31 29 498
31 30 499
31 32 495
31 33 499
31 34 497
31 35 499
31 36 498
31 37 499
31 38 499
31 39 495
31 40 499
31 41 499
31 42 499
31 43 498
31 44 498
31 45 499
31 46 499
31 47 495
31 48 498
31 49 499
32 3 61
32 5 123
32 7 185
32 9 247
32 11 309
32 13 371
32 15 433
32 17 495
32 19 493
32 21 493
32 23 498
32 25 497
32 27 498
32 29 498
32 31 495
32 33 499
32 35 499
32 37 499
32 39 499
32 41 499
32 43 499
32 45 499
32 47 499
32 49 498
33 2 31
33 4 95
33 5 127
33 7 191
33 8 223
33 10 287
33 13 383
33 14 415
33 16 479
33 17 494
33 19 499
33 20 494
33 23 499
33 25 494
33 26 499
33 28 499
33 29 499
33 31 499
33 32 499
33 34 494
33 35 498
33 37 497
33 38 499
33 40 498
33 41 499
33 43 498
33 46 499
33 47 498
33 49 499
34 3 65
34 5 131
34 7 197
34 9 263
34 11 329
34 13 395
34 15 461
34 19 498
34 21 499
34 23 498
34 25 498
34 27 499
34 29 497
34 31 497
34 33 494
34 35 499
34 37 499
34 39 499
34 41 499
34 43 499
34 45 499
34 47 498
34 49 499
35 2 33
35 3 67
35 4 101
35 6 169
35 8 237
35 9 271
35 11 339
35 12 373
35 13 407
35 16 493
35 17 492
35 18 489
35 19 497
35 22 498
35 23 494
35 24 499
35 26 499
35 27 498
35 29 498
35 31 499
35 32 499
35 33 498
35 34 499
35 36 489
35 37 499
35 38 498
35 39 497
35 41 499
35 43 499
35 44 498
35 46 498
35 47 499
35 48 499
36 5 139
36 7 209
36 11 349
36 13 419
36 17 491
36 19 498
36 23 497
36 25 498
36 29 496
36 31 498
36 35 489
36 37 499
36 41 499
36 43 499
36 47 499
36 49 499
37 2 35
37 3 71
37 4 107
37 5 143
37 6 179
37 7 215
37 8 251
37 9 287
37 10 323
37 11 359
37 12 395
37 13 431
37 14 467
37 15 488
37 16 491
37 17 490
37 18 485
37 19 499
37 20 498
37 21 498
37 22 498
37 23 496
37 24 498
37 25 493
37 26 499
37 27 497
37 28 499
37 29 498
37 30 498
37 31 499
37 32 499
37 33 497
37 34 499
37 35 499
37 36 499
37 38 499
37 39 498
37 40 498
37 41 499
37 42 498
37 43 497
37 44 499
37 45 499
37 46 496
37 47 499
37 48 498
37 49 499
38 3 73
38 5 147
38 7 221
38 9 295
38 11 369
38 13 443
38 15 487
38 17 498
38 21 499
38 23 499
38 25 499
38 27 496
38 29 499
38 31 499
38 33 499
38 35 498
38 37 499
38 39 493
38 41 499
38 43 498
38 45 499
38 47 498
38 49 499
39 2 37
39 4 113
39 5 151
39 7 227
39 8 265
39 10 341
39 11 379
39 14 493
39 16 498
39 17 495
39 19 493
39 20 487
39 22 499
39 23 497
39 25 499
39 28 499
39 29 499
39 31 495
39 32 499
39 34 499
39 35 497
39 37 498
39 38 493
39 40 499
39 41 499
39 43 499
39 44 499
39 46 498
39 47 499
39 49 497
40 3 77
40 7 233
40 9 311
40 11 389
40 13 467
40 17 498
40 19 492
40 21 499
40 23 497
40 27 493
40 29 499
40 31 499
40 33 498
40 37 498
40 39 499
40 41 499
40 43 499
40 47 499
40 49 499
41 2 39
41 3 79
41 4 119
41 5 159
41 6 199
41 7 239
41 8 279
41 9 319
41 10 359
41 11 399
41 12 439
41 13 479
41 14 491
41 15 499
41 16 494
41 17 499
41 18 499
41 19 498
41 20 499
41 21 491
41 22 499
41 23 498
41 24 498
41 25 499
41 26 497
41 27 499
41 28 499
41 29 499
41 30 499
41 31 499
41 32 499
41 33 499
41 34 499
41 35 499
41 36 499
41 37 499
41 38 499
41 39 499
41 40 499
41 42 491
41 43 499
41 44 499
41 45 499
41 46 499
41 47 497
41 48 498
41 49 498
42 5 163
42 11 409
42 13 491
42 17 495
42 19 497
42 23 499
42 25 499
42 29 499
42 31 499
42 37 498
42 41 491
42 43 499
42 47 499
43 2 41
43 3 83
43 4 125
43 5 167
43 6 209
43 7 251
43 8 293
43 9 335
43 10 377
43 11 419
43 12 461
43 13 490
43 14 489
43 15 499
43 16 495
43 17 499
43 18 498
43 19 498
43 20 499
43 21 499
43 22 494
43 23 498
43 24 496
43 25 499
43 26 498
43 27 499
43 28 498
43 29 499
43 30 499
43 31 498
43 32 499
43 33 498
43 34 499
43 35 499
43 36 499
43 37 497
43 38 498
43 39 499
43 40 499
43 41 499
43 42 499
43 44 499
43 45 499
43 46 499
43 47 499
43 48 499
43 49 499
44 3 85
44 5 171
44 7 257
44 9 343
44 13 489
44 15 498
44 17 497
44 19 496
44 21 498
44 23 499
44 25 499
44 27 499
44 29 499
44 31 498
44 35 498
44 37 499
44 39 499
44 41 499
44 43 499
44 45 499
44 47 498
44 49 498
45 2 43
45 4 131
45 7 263
45 8 307
45 11 439
45 13 488
45 14 498
45 16 499
45 17 499
45 19 499
45 22 499
45 23 494
45 26 498
45 28 498
45 29 498
45 31 499
45 32 499
45 34 499
45 37 499
45 38 499
45 41 499
45 43 499
45 44 499
45 46 494
45 47 498
45 49 498
46 3 89
46 5 179
46 7 269
46 9 359
46 11 449
46 13 493
46 15 494
46 17 498
46 19 497
46 21 497
46 25 499
46 27 499
46 29 499
46 31 499
46 33 499
46 35 498
46 37 496
46 39 498
46 41 499
46 43 499
46 45 494
46 47 499
46 49 499
47 2 45
47 3 91
47 4 137
47 5 183
47 6 229
47 7 275
47 8 321
47 9 367
47 10 413
47 11 459
47 12 493
47 13 499
47 14 499
47 15 493
47 16 499
47 17 497
47 18 499
47 19 498
47 20 499
47 21 499
47 22 498
47 23 499
47 24 493
47 25 499
47 26 499
47 27 496
47 28 499
47 29 498
47 30 499
47 31 495
47 32 499
47 33 498
47 34 498
47 35 499
47 36 499
47 37 499
47 38 498
47 39 499
47 40 499
47 41 497
47 42 499
47 43 499
47 44 498
47 45 498
47 46 499
47 48 499
47 49 499
48 5 187
48 7 281
48 11 469
48 13 498
48 17 499
48 19 493
48 23 498
48 25 499
48 29 499
48 31 498
48 35 499
48 37 498
48 41 498
48 43 499
48 47 499
48 49 499
49 2 47
49 3 95
49 4 143
49 5 191
49 6 239
49 8 335
49 9 383
49 10 431
49 11 479
49 12 491
49 13 497
49 15 498
49 16 495
49 17 499
49 18 498
49 19 499
49 20 499
49 22 498
49 23 499
49 24 499
49 25 489
49 26 498
49 27 499
49 29 498
49 30 498
49 31 499
49 32 498
49 33 499
49 34 499
49 36 499
49 37 499
49 38 499
49 39 497
49 40 499
49 41 498
49 43 499
49 44 498
49 45 498
49 46 499
49 47 499
49 48 499
